n=10
7 0.198603 1
7 0.931025 4
7 1.69039 9
7 2.46572 16
7 3.22366 25
7 3.29518 36
7 27.0376 49
7 104.985 64
7 2575.62 81
n=20
25 0.619411 1
25 3.06964 4
25 5.13148 9
25 7.31564 16
25 11.2407 25
25 10.2682 36
25 27.0514 49
25 344.745 64
25 5436.46 81
n=30
21 0.551462 1
21 2.84934 4
21 5.07379 9
21 6.6762 16
21 10.7434 25
21 8.94642 36
21 26.808 49
21 285.712 64
21 5828.84 81
21 12827.5 100
21 21043.6 121
19 0.598669 1
19 2.73228 4
19 4.78959 9
19 6.51574 16
19 10.0451 25
19 8.60119 36
19 25.0804 49
19 200.872 64
19 5719.1 81
n=100
18 0.98443 1
17 2.71416 4
17 4.46248 9
17 6.19006 16
17 9.94563 25
17 7.86686 36
17 22.2335 49
17 248.111 64
17 791.674 81
n=500
112 85.1569 1
112 28.5735 4
112 24.5366 9
112 327.183 16
112 3311.1 25
112 13666.9 36
112 47450.1 49
112 85266.2 64
112 96879.7 81
n=1000
92 837.383 1
92 1053.88 4
92 1019.92 9
92 6735.13 16
92 9229.93 25
92 27578.4 36
92 42069 49
92 37386 64
92 23159.6 81
92 96699 100
92 107953 121
92 278.761 1
92 77.194 4
92 46.7343 9
92 33.7167 16
92 35.4526 25
92 33.0946 36
92 43.1693 49
92 42.2077 64
92 67.8458 81
